(kicad_pcb (version 20171130) (host pcbnew 5.1.9)

  (general
    (thickness 1.6)
    (drawings 0)
    (tracks 0)
    (zones 0)
    (modules 200)
    (nets 139)
  )

  (page USLegal)
  (title_block
    (title ThinKeys)
  )

  (layers
    (0 F.Cu signal)
    (31 B.Cu signal)
    (32 B.Adhes user)
    (33 F.Adhes user)
    (34 B.Paste user)
    (35 F.Paste user)
    (36 B.SilkS user)
    (37 F.SilkS user)
    (38 B.Mask user)
    (39 F.Mask user)
    (40 Dwgs.User user)
    (41 Cmts.User user)
    (42 Eco1.User user)
    (43 Eco2.User user)
    (44 Edge.Cuts user)
    (45 Margin user)
    (46 B.CrtYd user)
    (47 F.CrtYd user)
    (48 B.Fab user)
    (49 F.Fab user)
  )

  (setup
    (last_trace_width 0.25)
    (user_trace_width 0.2)
    (user_trace_width 0.2032)
    (trace_clearance 0.2)
    (zone_clearance 0.508)
    (zone_45_only no)
    (trace_min 0.2)
    (via_size 0.8)
    (via_drill 0.4)
    (via_min_size 0.3)
    (via_min_drill 0.3)
    (user_via 0.6 0.3)
    (uvia_size 0.3)
    (uvia_drill 0.1)
    (uvias_allowed no)
    (uvia_min_size 0.2)
    (uvia_min_drill 0.1)
    (edge_width 0.05)
    (segment_width 0.2)
    (pcb_text_width 0.3)
    (pcb_text_size 1.5 1.5)
    (mod_edge_width 0.12)
    (mod_text_size 1 1)
    (mod_text_width 0.15)
    (pad_size 1.524 1.524)
    (pad_drill 0.762)
    (pad_to_mask_clearance 0)
    (aux_axis_origin 0 0)
    (visible_elements FFFFFFFF)
    (pcbplotparams
      (layerselection 0x010fc_ffffffff)
      (usegerberextensions false)
      (usegerberattributes true)
      (usegerberadvancedattributes true)
      (creategerberjobfile true)
      (excludeedgelayer true)
      (linewidth 0.100000)
      (plotframeref false)
      (viasonmask false)
      (mode 1)
      (useauxorigin false)
      (hpglpennumber 1)
      (hpglpenspeed 20)
      (hpglpendiameter 15.000000)
      (psnegative false)
      (psa4output false)
      (plotreference true)
      (plotvalue true)
      (plotinvisibletext false)
      (padsonsilk false)
      (subtractmaskfromsilk false)
      (outputformat 1)
      (mirror false)
      (drillshape 1)
      (scaleselection 1)
      (outputdirectory ""))
  )

  (net 0 "")
  (net 1 "Net-(D1-Pad2)")
  (net 2 "Net-(D2-Pad2)")
  (net 3 "Net-(D3-Pad2)")
  (net 4 "Net-(D4-Pad2)")
  (net 5 "Net-(D5-Pad2)")
  (net 6 "Net-(D6-Pad2)")
  (net 7 "Net-(D7-Pad2)")
  (net 8 "Net-(D8-Pad2)")
  (net 9 "Net-(D9-Pad2)")
  (net 10 "Net-(D10-Pad2)")
  (net 11 "Net-(D11-Pad2)")
  (net 12 "Net-(D12-Pad2)")
  (net 13 "Net-(D13-Pad2)")
  (net 14 "Net-(D14-Pad2)")
  (net 15 "Net-(D15-Pad2)")
  (net 16 "Net-(D16-Pad2)")
  (net 17 "Net-(D17-Pad2)")
  (net 18 "Net-(D18-Pad2)")
  (net 19 "Net-(D19-Pad2)")
  (net 20 "Net-(D20-Pad2)")
  (net 21 "Net-(D21-Pad2)")
  (net 22 "Net-(D22-Pad2)")
  (net 23 "Net-(D23-Pad2)")
  (net 24 "Net-(D24-Pad2)")
  (net 25 "Net-(D25-Pad2)")
  (net 26 "Net-(D26-Pad2)")
  (net 27 "Net-(D27-Pad2)")
  (net 28 "Net-(D28-Pad2)")
  (net 29 "Net-(D29-Pad2)")
  (net 30 "Net-(D30-Pad2)")
  (net 31 "Net-(D31-Pad2)")
  (net 32 "Net-(D32-Pad2)")
  (net 33 "Net-(D33-Pad2)")
  (net 34 "Net-(D34-Pad2)")
  (net 35 "Net-(D35-Pad2)")
  (net 36 "Net-(D36-Pad2)")
  (net 37 "Net-(D37-Pad2)")
  (net 38 "Net-(D38-Pad2)")
  (net 39 "Net-(D39-Pad2)")
  (net 40 "Net-(D40-Pad2)")
  (net 41 "Net-(D41-Pad2)")
  (net 42 "Net-(D42-Pad2)")
  (net 43 "Net-(D43-Pad2)")
  (net 44 "Net-(D44-Pad2)")
  (net 45 "Net-(D45-Pad2)")
  (net 46 "Net-(D46-Pad2)")
  (net 47 "Net-(D47-Pad2)")
  (net 48 "Net-(D48-Pad2)")
  (net 49 "Net-(D49-Pad2)")
  (net 50 "Net-(D50-Pad2)")
  (net 51 "Net-(D51-Pad2)")
  (net 52 "Net-(D52-Pad2)")
  (net 53 "Net-(D53-Pad2)")
  (net 54 "Net-(D54-Pad2)")
  (net 55 "Net-(D55-Pad2)")
  (net 56 "Net-(D56-Pad2)")
  (net 57 "Net-(D57-Pad2)")
  (net 58 "Net-(D58-Pad2)")
  (net 59 "Net-(D59-Pad2)")
  (net 60 "Net-(D60-Pad2)")
  (net 61 "Net-(D61-Pad2)")
  (net 62 "Net-(D62-Pad2)")
  (net 63 "Net-(D63-Pad2)")
  (net 64 "Net-(D64-Pad2)")
  (net 65 "Net-(D65-Pad2)")
  (net 66 "Net-(D66-Pad2)")
  (net 67 "Net-(D67-Pad2)")
  (net 68 "Net-(D68-Pad2)")
  (net 69 "Net-(D69-Pad2)")
  (net 70 "Net-(D70-Pad2)")
  (net 71 "Net-(D71-Pad2)")
  (net 72 "Net-(D72-Pad2)")
  (net 73 "Net-(D73-Pad2)")
  (net 74 "Net-(D74-Pad2)")
  (net 75 "Net-(D75-Pad2)")
  (net 76 "Net-(D76-Pad2)")
  (net 77 "Net-(D77-Pad2)")
  (net 78 "Net-(D78-Pad2)")
  (net 79 "Net-(D79-Pad2)")
  (net 80 "Net-(D80-Pad2)")
  (net 81 "Net-(D81-Pad2)")
  (net 82 "Net-(D82-Pad2)")
  (net 83 "Net-(D83-Pad2)")
  (net 84 "Net-(D84-Pad2)")
  (net 85 "Net-(D85-Pad2)")
  (net 86 "Net-(D86-Pad2)")
  (net 87 "Net-(D87-Pad2)")
  (net 88 "Net-(D88-Pad2)")
  (net 89 "Net-(D89-Pad2)")
  (net 90 "Net-(D90-Pad2)")
  (net 91 "Net-(J3-Pad1)")
  (net 92 /left/r0)
  (net 93 /right/r0)
  (net 94 /left/r1)
  (net 95 /right/r1)
  (net 96 /left/r2)
  (net 97 /right/r2)
  (net 98 /left/r3)
  (net 99 /right/r3)
  (net 100 /left/r4)
  (net 101 /right/r4)
  (net 102 /left/r5)
  (net 103 /right/r5)
  (net 104 /left/SDA)
  (net 105 /left/VCC)
  (net 106 /right/SDA)
  (net 107 /right/VCC)
  (net 108 /left/SCL)
  (net 109 /right/SCL)
  (net 110 /left/DATA)
  (net 111 /right/DATA)
  (net 112 /left/CLK)
  (net 113 /right/CLK)
  (net 114 "Net-(C91-Pad2)")
  (net 115 GND1)
  (net 116 "Net-(C92-Pad2)")
  (net 117 GND2)
  (net 118 /left/c0)
  (net 119 /left/c1)
  (net 120 /left/c2)
  (net 121 /left/c3)
  (net 122 /left/c4)
  (net 123 /left/c5)
  (net 124 /left/c6)
  (net 125 /right/c0)
  (net 126 /right/c1)
  (net 127 /right/c2)
  (net 128 /right/c3)
  (net 129 /right/c4)
  (net 130 /right/c5)
  (net 131 /right/c6)
  (net 132 /right/c7)
  (net 133 "Net-(JP1-Pad3)")
  (net 134 "Net-(JP1-Pad1)")
  (net 135 "Net-(JP2-Pad3)")
  (net 136 "Net-(JP2-Pad1)")
  (net 137 /left/RGB)
  (net 138 /right/RGB)

  (net_class Default "This is the default net class."
    (clearance 0.2)
    (trace_width 0.25)
    (via_dia 0.8)
    (via_drill 0.4)
    (uvia_dia 0.3)
    (uvia_drill 0.1)
    (add_net /left/CLK)
    (add_net /left/DATA)
    (add_net /left/RGB)
    (add_net /left/SCL)
    (add_net /left/SDA)
    (add_net /left/VCC)
    (add_net /left/c0)
    (add_net /left/c1)
    (add_net /left/c2)
    (add_net /left/c3)
    (add_net /left/c4)
    (add_net /left/c5)
    (add_net /left/c6)
    (add_net /left/r0)
    (add_net /left/r1)
    (add_net /left/r2)
    (add_net /left/r3)
    (add_net /left/r4)
    (add_net /left/r5)
    (add_net /right/CLK)
    (add_net /right/DATA)
    (add_net /right/RGB)
    (add_net /right/SCL)
    (add_net /right/SDA)
    (add_net /right/VCC)
    (add_net /right/c0)
    (add_net /right/c1)
    (add_net /right/c2)
    (add_net /right/c3)
    (add_net /right/c4)
    (add_net /right/c5)
    (add_net /right/c6)
    (add_net /right/c7)
    (add_net /right/r0)
    (add_net /right/r1)
    (add_net /right/r2)
    (add_net /right/r3)
    (add_net /right/r4)
    (add_net /right/r5)
    (add_net GND1)
    (add_net GND2)
    (add_net "Net-(C91-Pad2)")
    (add_net "Net-(C92-Pad2)")
    (add_net "Net-(D1-Pad2)")
    (add_net "Net-(D10-Pad2)")
    (add_net "Net-(D11-Pad2)")
    (add_net "Net-(D12-Pad2)")
    (add_net "Net-(D13-Pad2)")
    (add_net "Net-(D14-Pad2)")
    (add_net "Net-(D15-Pad2)")
    (add_net "Net-(D16-Pad2)")
    (add_net "Net-(D17-Pad2)")
    (add_net "Net-(D18-Pad2)")
    (add_net "Net-(D19-Pad2)")
    (add_net "Net-(D2-Pad2)")
    (add_net "Net-(D20-Pad2)")
    (add_net "Net-(D21-Pad2)")
    (add_net "Net-(D22-Pad2)")
    (add_net "Net-(D23-Pad2)")
    (add_net "Net-(D24-Pad2)")
    (add_net "Net-(D25-Pad2)")
    (add_net "Net-(D26-Pad2)")
    (add_net "Net-(D27-Pad2)")
    (add_net "Net-(D28-Pad2)")
    (add_net "Net-(D29-Pad2)")
    (add_net "Net-(D3-Pad2)")
    (add_net "Net-(D30-Pad2)")
    (add_net "Net-(D31-Pad2)")
    (add_net "Net-(D32-Pad2)")
    (add_net "Net-(D33-Pad2)")
    (add_net "Net-(D34-Pad2)")
    (add_net "Net-(D35-Pad2)")
    (add_net "Net-(D36-Pad2)")
    (add_net "Net-(D37-Pad2)")
    (add_net "Net-(D38-Pad2)")
    (add_net "Net-(D39-Pad2)")
    (add_net "Net-(D4-Pad2)")
    (add_net "Net-(D40-Pad2)")
    (add_net "Net-(D41-Pad2)")
    (add_net "Net-(D42-Pad2)")
    (add_net "Net-(D43-Pad2)")
    (add_net "Net-(D44-Pad2)")
    (add_net "Net-(D45-Pad2)")
    (add_net "Net-(D46-Pad2)")
    (add_net "Net-(D47-Pad2)")
    (add_net "Net-(D48-Pad2)")
    (add_net "Net-(D49-Pad2)")
    (add_net "Net-(D5-Pad2)")
    (add_net "Net-(D50-Pad2)")
    (add_net "Net-(D51-Pad2)")
    (add_net "Net-(D52-Pad2)")
    (add_net "Net-(D53-Pad2)")
    (add_net "Net-(D54-Pad2)")
    (add_net "Net-(D55-Pad2)")
    (add_net "Net-(D56-Pad2)")
    (add_net "Net-(D57-Pad2)")
    (add_net "Net-(D58-Pad2)")
    (add_net "Net-(D59-Pad2)")
    (add_net "Net-(D6-Pad2)")
    (add_net "Net-(D60-Pad2)")
    (add_net "Net-(D61-Pad2)")
    (add_net "Net-(D62-Pad2)")
    (add_net "Net-(D63-Pad2)")
    (add_net "Net-(D64-Pad2)")
    (add_net "Net-(D65-Pad2)")
    (add_net "Net-(D66-Pad2)")
    (add_net "Net-(D67-Pad2)")
    (add_net "Net-(D68-Pad2)")
    (add_net "Net-(D69-Pad2)")
    (add_net "Net-(D7-Pad2)")
    (add_net "Net-(D70-Pad2)")
    (add_net "Net-(D71-Pad2)")
    (add_net "Net-(D72-Pad2)")
    (add_net "Net-(D73-Pad2)")
    (add_net "Net-(D74-Pad2)")
    (add_net "Net-(D75-Pad2)")
    (add_net "Net-(D76-Pad2)")
    (add_net "Net-(D77-Pad2)")
    (add_net "Net-(D78-Pad2)")
    (add_net "Net-(D79-Pad2)")
    (add_net "Net-(D8-Pad2)")
    (add_net "Net-(D80-Pad2)")
    (add_net "Net-(D81-Pad2)")
    (add_net "Net-(D82-Pad2)")
    (add_net "Net-(D83-Pad2)")
    (add_net "Net-(D84-Pad2)")
    (add_net "Net-(D85-Pad2)")
    (add_net "Net-(D86-Pad2)")
    (add_net "Net-(D87-Pad2)")
    (add_net "Net-(D88-Pad2)")
    (add_net "Net-(D89-Pad2)")
    (add_net "Net-(D9-Pad2)")
    (add_net "Net-(D90-Pad2)")
    (add_net "Net-(J3-Pad1)")
    (add_net "Net-(JP1-Pad1)")
    (add_net "Net-(JP1-Pad3)")
    (add_net "Net-(JP2-Pad1)")
    (add_net "Net-(JP2-Pad3)")
  )

  (module Keebio-Parts:HRO-TYPE-C-31-M-12-Assembly (layer F.Cu) (tedit 5D5436F4) (tstamp 60449930)
    (at 184.78986 42.267294 270)
    (path /67E4ED7B/60CB0CAB)
    (solder_mask_margin 0.05)
    (solder_paste_margin 0.05)
    (clearance 0.05)
    (attr smd)
    (fp_text reference USB2 (at 0 -9.25 90) (layer F.SilkS)
      (effects (font (size 0.8 0.8) (thickness 0.15)))
    )
    (fp_text value HRO-TYPE-C-31-M-12 (at 0 1.15 90) (layer Dwgs.User)
      (effects (font (size 1 1) (thickness 0.15)))
    )
    (fp_line (start 4.5 -7.5) (end 3.75 -7.5) (layer F.CrtYd) (width 0.15))
    (fp_line (start 3.75 -8.5) (end 3.75 -7.5) (layer F.CrtYd) (width 0.15))
    (fp_line (start -3.75 -8.5) (end 3.75 -8.5) (layer F.CrtYd) (width 0.15))
    (fp_line (start -3.75 -7.5) (end -3.75 -8.5) (layer F.CrtYd) (width 0.15))
    (fp_line (start -4.5 0) (end -4.5 -7.5) (layer F.CrtYd) (width 0.15))
    (fp_line (start 4.5 0) (end -4.5 0) (layer F.CrtYd) (width 0.15))
    (fp_line (start 4.5 -7.5) (end 4.5 0) (layer F.CrtYd) (width 0.15))
    (fp_line (start -4.5 -7.5) (end -3.75 -7.5) (layer F.CrtYd) (width 0.15))
    (fp_line (start -4.47 0) (end 4.47 0) (layer Dwgs.User) (width 0.15))
    (fp_line (start -4.47 0) (end -4.47 -7.3) (layer Dwgs.User) (width 0.15))
    (fp_line (start 4.47 0) (end 4.47 -7.3) (layer Dwgs.User) (width 0.15))
    (fp_line (start -4.47 -7.3) (end 4.47 -7.3) (layer Dwgs.User) (width 0.15))
    (fp_text user %R (at 0 -9.25 90) (layer F.Fab)
      (effects (font (size 1 1) (thickness 0.15)))
    )
    (pad 13 thru_hole oval (at 4.32 -2.6 270) (size 1 1.6) (drill oval 0.6 1.2) (layers *.Cu *.Mask)
      (net 115 GND1))
    (pad 13 thru_hole oval (at -4.32 -2.6 270) (size 1 1.6) (drill oval 0.6 1.2) (layers *.Cu *.Mask)
      (net 115 GND1))
    (pad 13 thru_hole oval (at 4.32 -6.78 270) (size 1 2.1) (drill oval 0.6 1.7) (layers *.Cu *.Mask)
      (net 115 GND1))
    (pad 13 thru_hole oval (at -4.32 -6.78 270) (size 1 2.1) (drill oval 0.6 1.7) (layers *.Cu *.Mask)
      (net 115 GND1))
    (pad "" np_thru_hole circle (at -2.89 -6.25 270) (size 0.65 0.65) (drill 0.65) (layers *.Cu *.Mask))
    (pad "" np_thru_hole circle (at 2.89 -6.25 270) (size 0.65 0.65) (drill 0.65) (layers *.Cu *.Mask))
    (pad 6 smd rect (at -0.25 -7.695 270) (size 0.3 1.45) (layers F.Cu F.Paste F.Mask)
      (net 106 /right/SDA))
    (pad 7 smd rect (at 0.25 -7.695 270) (size 0.3 1.45) (layers F.Cu F.Paste F.Mask)
      (net 109 /right/SCL))
    (pad 8 smd rect (at 0.75 -7.695 270) (size 0.3 1.45) (layers F.Cu F.Paste F.Mask)
      (net 106 /right/SDA))
    (pad 5 smd rect (at -0.75 -7.695 270) (size 0.3 1.45) (layers F.Cu F.Paste F.Mask)
      (net 109 /right/SCL))
    (pad 9 smd rect (at 1.25 -7.695 270) (size 0.3 1.45) (layers F.Cu F.Paste F.Mask))
    (pad 4 smd rect (at -1.25 -7.695 270) (size 0.3 1.45) (layers F.Cu F.Paste F.Mask))
    (pad 10 smd rect (at 1.75 -7.695 270) (size 0.3 1.45) (layers F.Cu F.Paste F.Mask))
    (pad 3 smd rect (at -1.75 -7.695 270) (size 0.3 1.45) (layers F.Cu F.Paste F.Mask))
    (pad 2 smd rect (at -2.45 -7.695 270) (size 0.6 1.45) (layers F.Cu F.Paste F.Mask)
      (net 107 /right/VCC))
    (pad 11 smd rect (at 2.45 -7.695 270) (size 0.6 1.45) (layers F.Cu F.Paste F.Mask)
      (net 107 /right/VCC))
    (pad 1 smd rect (at -3.225 -7.695 270) (size 0.6 1.45) (layers F.Cu F.Paste F.Mask)
      (net 115 GND1))
    (pad 12 smd rect (at 3.225 -7.695 270) (size 0.6 1.45) (layers F.Cu F.Paste F.Mask)
      (net 115 GND1))
    (model "/Users/danny/syncproj/kicad-libs/footprints/Keebio-Parts.pretty/3dmodels/HRO  TYPE-C-31-M-12.step"
      (offset (xyz -4.45 0 0))
      (scale (xyz 1 1 1))
      (rotate (xyz -90 0 0))
    )
  )

  (module Keebio-Parts:HRO-TYPE-C-31-M-12-Assembly (layer F.Cu) (tedit 5D5436F4) (tstamp 6044E218)
    (at 101.754612 42.267294 90)
    (path /67E4E0EB/603E780E)
    (solder_mask_margin 0.05)
    (solder_paste_margin 0.05)
    (clearance 0.05)
    (attr smd)
    (fp_text reference USB1 (at 0 -9.25 90) (layer F.SilkS)
      (effects (font (size 0.8 0.8) (thickness 0.15)))
    )
    (fp_text value HRO-TYPE-C-31-M-12 (at 0 1.15 90) (layer Dwgs.User)
      (effects (font (size 1 1) (thickness 0.15)))
    )
    (fp_line (start 4.5 -7.5) (end 3.75 -7.5) (layer F.CrtYd) (width 0.15))
    (fp_line (start 3.75 -8.5) (end 3.75 -7.5) (layer F.CrtYd) (width 0.15))
    (fp_line (start -3.75 -8.5) (end 3.75 -8.5) (layer F.CrtYd) (width 0.15))
    (fp_line (start -3.75 -7.5) (end -3.75 -8.5) (layer F.CrtYd) (width 0.15))
    (fp_line (start -4.5 0) (end -4.5 -7.5) (layer F.CrtYd) (width 0.15))
    (fp_line (start 4.5 0) (end -4.5 0) (layer F.CrtYd) (width 0.15))
    (fp_line (start 4.5 -7.5) (end 4.5 0) (layer F.CrtYd) (width 0.15))
    (fp_line (start -4.5 -7.5) (end -3.75 -7.5) (layer F.CrtYd) (width 0.15))
    (fp_line (start -4.47 0) (end 4.47 0) (layer Dwgs.User) (width 0.15))
    (fp_line (start -4.47 0) (end -4.47 -7.3) (layer Dwgs.User) (width 0.15))
    (fp_line (start 4.47 0) (end 4.47 -7.3) (layer Dwgs.User) (width 0.15))
    (fp_line (start -4.47 -7.3) (end 4.47 -7.3) (layer Dwgs.User) (width 0.15))
    (fp_text user %R (at 0 -9.25 90) (layer F.Fab)
      (effects (font (size 1 1) (thickness 0.15)))
    )
    (pad 13 thru_hole oval (at 4.32 -2.6 90) (size 1 1.6) (drill oval 0.6 1.2) (layers *.Cu *.Mask)
      (net 115 GND1))
    (pad 13 thru_hole oval (at -4.32 -2.6 90) (size 1 1.6) (drill oval 0.6 1.2) (layers *.Cu *.Mask)
      (net 115 GND1))
    (pad 13 thru_hole oval (at 4.32 -6.78 90) (size 1 2.1) (drill oval 0.6 1.7) (layers *.Cu *.Mask)
      (net 115 GND1))
    (pad 13 thru_hole oval (at -4.32 -6.78 90) (size 1 2.1) (drill oval 0.6 1.7) (layers *.Cu *.Mask)
      (net 115 GND1))
    (pad "" np_thru_hole circle (at -2.89 -6.25 90) (size 0.65 0.65) (drill 0.65) (layers *.Cu *.Mask))
    (pad "" np_thru_hole circle (at 2.89 -6.25 90) (size 0.65 0.65) (drill 0.65) (layers *.Cu *.Mask))
    (pad 6 smd rect (at -0.25 -7.695 90) (size 0.3 1.45) (layers F.Cu F.Paste F.Mask)
      (net 104 /left/SDA))
    (pad 7 smd rect (at 0.25 -7.695 90) (size 0.3 1.45) (layers F.Cu F.Paste F.Mask)
      (net 108 /left/SCL))
    (pad 8 smd rect (at 0.75 -7.695 90) (size 0.3 1.45) (layers F.Cu F.Paste F.Mask)
      (net 104 /left/SDA))
    (pad 5 smd rect (at -0.75 -7.695 90) (size 0.3 1.45) (layers F.Cu F.Paste F.Mask)
      (net 108 /left/SCL))
    (pad 9 smd rect (at 1.25 -7.695 90) (size 0.3 1.45) (layers F.Cu F.Paste F.Mask))
    (pad 4 smd rect (at -1.25 -7.695 90) (size 0.3 1.45) (layers F.Cu F.Paste F.Mask))
    (pad 10 smd rect (at 1.75 -7.695 90) (size 0.3 1.45) (layers F.Cu F.Paste F.Mask))
    (pad 3 smd rect (at -1.75 -7.695 90) (size 0.3 1.45) (layers F.Cu F.Paste F.Mask))
    (pad 2 smd rect (at -2.45 -7.695 90) (size 0.6 1.45) (layers F.Cu F.Paste F.Mask)
      (net 105 /left/VCC))
    (pad 11 smd rect (at 2.45 -7.695 90) (size 0.6 1.45) (layers F.Cu F.Paste F.Mask)
      (net 105 /left/VCC))
    (pad 1 smd rect (at -3.225 -7.695 90) (size 0.6 1.45) (layers F.Cu F.Paste F.Mask)
      (net 115 GND1))
    (pad 12 smd rect (at 3.225 -7.695 90) (size 0.6 1.45) (layers F.Cu F.Paste F.Mask)
      (net 115 GND1))
    (model "/Users/danny/syncproj/kicad-libs/footprints/Keebio-Parts.pretty/3dmodels/HRO  TYPE-C-31-M-12.step"
      (offset (xyz -4.45 0 0))
      (scale (xyz 1 1 1))
      (rotate (xyz -90 0 0))
    )
  )

  (module Resistor_SMD:R_2512_6332Metric_Pad1.40x3.35mm_HandSolder (layer F.Cu) (tedit 5F68FEEE) (tstamp 6040ACDC)
    (at 209.55 43.259375 270)
    (descr "Resistor SMD 2512 (6332 Metric), square (rectangular) end terminal, IPC_7351 nominal with elongated pad for handsoldering. (Body size source: IPC-SM-782 page 72, https://www.pcb-3d.com/wordpress/wp-content/uploads/ipc-sm-782a_amendment_1_and_2.pdf), generated with kicad-footprint-generator")
    (tags "resistor handsolder")
    (path /67E4ED7B/66F6B00D)
    (attr smd)
    (fp_text reference R10 (at 0 0 90) (layer F.SilkS)
      (effects (font (size 1 1) (thickness 0.15)))
    )
    (fp_text value 100k (at 0 2.62 90) (layer F.Fab)
      (effects (font (size 1 1) (thickness 0.15)))
    )
    (fp_line (start -3.15 1.6) (end -3.15 -1.6) (layer F.Fab) (width 0.1))
    (fp_line (start -3.15 -1.6) (end 3.15 -1.6) (layer F.Fab) (width 0.1))
    (fp_line (start 3.15 -1.6) (end 3.15 1.6) (layer F.Fab) (width 0.1))
    (fp_line (start 3.15 1.6) (end -3.15 1.6) (layer F.Fab) (width 0.1))
    (fp_line (start -2.177064 -1.71) (end 2.177064 -1.71) (layer F.SilkS) (width 0.12))
    (fp_line (start -2.177064 1.71) (end 2.177064 1.71) (layer F.SilkS) (width 0.12))
    (fp_line (start -4 1.92) (end -4 -1.92) (layer F.CrtYd) (width 0.05))
    (fp_line (start -4 -1.92) (end 4 -1.92) (layer F.CrtYd) (width 0.05))
    (fp_line (start 4 -1.92) (end 4 1.92) (layer F.CrtYd) (width 0.05))
    (fp_line (start 4 1.92) (end -4 1.92) (layer F.CrtYd) (width 0.05))
    (fp_text user %R (at 0 0 90) (layer F.Fab)
      (effects (font (size 1 1) (thickness 0.15)))
    )
    (pad 2 smd roundrect (at 3.05 0 270) (size 1.4 3.35) (layers F.Cu F.Paste F.Mask) (roundrect_rratio 0.178571)
      (net 117 GND2))
    (pad 1 smd roundrect (at -3.05 0 270) (size 1.4 3.35) (layers F.Cu F.Paste F.Mask) (roundrect_rratio 0.178571)
      (net 116 "Net-(C92-Pad2)"))
    (model ${KISYS3DMOD}/Resistor_SMD.3dshapes/R_2512_6332Metric.wrl
      (at (xyz 0 0 0))
      (scale (xyz 1 1 1))
      (rotate (xyz 0 0 0))
    )
  )

  (module Resistor_SMD:R_2512_6332Metric_Pad1.40x3.35mm_HandSolder (layer F.Cu) (tedit 5F68FEEE) (tstamp 6040B1E9)
    (at 76.596875 43.259375 90)
    (descr "Resistor SMD 2512 (6332 Metric), square (rectangular) end terminal, IPC_7351 nominal with elongated pad for handsoldering. (Body size source: IPC-SM-782 page 72, https://www.pcb-3d.com/wordpress/wp-content/uploads/ipc-sm-782a_amendment_1_and_2.pdf), generated with kicad-footprint-generator")
    (tags "resistor handsolder")
    (path /67E4E0EB/66F6AEC7)
    (attr smd)
    (fp_text reference R9 (at 0 0 90) (layer F.SilkS)
      (effects (font (size 1 1) (thickness 0.15)))
    )
    (fp_text value 100k (at 0 2.62 90) (layer F.Fab)
      (effects (font (size 1 1) (thickness 0.15)))
    )
    (fp_line (start -3.15 1.6) (end -3.15 -1.6) (layer F.Fab) (width 0.1))
    (fp_line (start -3.15 -1.6) (end 3.15 -1.6) (layer F.Fab) (width 0.1))
    (fp_line (start 3.15 -1.6) (end 3.15 1.6) (layer F.Fab) (width 0.1))
    (fp_line (start 3.15 1.6) (end -3.15 1.6) (layer F.Fab) (width 0.1))
    (fp_line (start -2.177064 -1.71) (end 2.177064 -1.71) (layer F.SilkS) (width 0.12))
    (fp_line (start -2.177064 1.71) (end 2.177064 1.71) (layer F.SilkS) (width 0.12))
    (fp_line (start -4 1.92) (end -4 -1.92) (layer F.CrtYd) (width 0.05))
    (fp_line (start -4 -1.92) (end 4 -1.92) (layer F.CrtYd) (width 0.05))
    (fp_line (start 4 -1.92) (end 4 1.92) (layer F.CrtYd) (width 0.05))
    (fp_line (start 4 1.92) (end -4 1.92) (layer F.CrtYd) (width 0.05))
    (fp_text user %R (at 0 0 90) (layer F.Fab)
      (effects (font (size 1 1) (thickness 0.15)))
    )
    (pad 2 smd roundrect (at 3.05 0 90) (size 1.4 3.35) (layers F.Cu F.Paste F.Mask) (roundrect_rratio 0.178571)
      (net 115 GND1))
    (pad 1 smd roundrect (at -3.05 0 90) (size 1.4 3.35) (layers F.Cu F.Paste F.Mask) (roundrect_rratio 0.178571)
      (net 114 "Net-(C91-Pad2)"))
    (model ${KISYS3DMOD}/Resistor_SMD.3dshapes/R_2512_6332Metric.wrl
      (at (xyz 0 0 0))
      (scale (xyz 1 1 1))
      (rotate (xyz 0 0 0))
    )
  )

  (module Resistor_SMD:R_2512_6332Metric_Pad1.40x3.35mm_HandSolder (layer F.Cu) (tedit 5F68FEEE) (tstamp 6040AD2D)
    (at 221.45625 43.259375 90)
    (descr "Resistor SMD 2512 (6332 Metric), square (rectangular) end terminal, IPC_7351 nominal with elongated pad for handsoldering. (Body size source: IPC-SM-782 page 72, https://www.pcb-3d.com/wordpress/wp-content/uploads/ipc-sm-782a_amendment_1_and_2.pdf), generated with kicad-footprint-generator")
    (tags "resistor handsolder")
    (path /67E4ED7B/66237CC2)
    (attr smd)
    (fp_text reference R8 (at 0 0 90) (layer F.SilkS)
      (effects (font (size 1 1) (thickness 0.15)))
    )
    (fp_text value 4.7k (at 0 2.62 90) (layer F.Fab)
      (effects (font (size 1 1) (thickness 0.15)))
    )
    (fp_line (start -3.15 1.6) (end -3.15 -1.6) (layer F.Fab) (width 0.1))
    (fp_line (start -3.15 -1.6) (end 3.15 -1.6) (layer F.Fab) (width 0.1))
    (fp_line (start 3.15 -1.6) (end 3.15 1.6) (layer F.Fab) (width 0.1))
    (fp_line (start 3.15 1.6) (end -3.15 1.6) (layer F.Fab) (width 0.1))
    (fp_line (start -2.177064 -1.71) (end 2.177064 -1.71) (layer F.SilkS) (width 0.12))
    (fp_line (start -2.177064 1.71) (end 2.177064 1.71) (layer F.SilkS) (width 0.12))
    (fp_line (start -4 1.92) (end -4 -1.92) (layer F.CrtYd) (width 0.05))
    (fp_line (start -4 -1.92) (end 4 -1.92) (layer F.CrtYd) (width 0.05))
    (fp_line (start 4 -1.92) (end 4 1.92) (layer F.CrtYd) (width 0.05))
    (fp_line (start 4 1.92) (end -4 1.92) (layer F.CrtYd) (width 0.05))
    (fp_text user %R (at 0 0 90) (layer F.Fab)
      (effects (font (size 1 1) (thickness 0.15)))
    )
    (pad 2 smd roundrect (at 3.05 0 90) (size 1.4 3.35) (layers F.Cu F.Paste F.Mask) (roundrect_rratio 0.178571)
      (net 113 /right/CLK))
    (pad 1 smd roundrect (at -3.05 0 90) (size 1.4 3.35) (layers F.Cu F.Paste F.Mask) (roundrect_rratio 0.178571)
      (net 107 /right/VCC))
    (model ${KISYS3DMOD}/Resistor_SMD.3dshapes/R_2512_6332Metric.wrl
      (at (xyz 0 0 0))
      (scale (xyz 1 1 1))
      (rotate (xyz 0 0 0))
    )
  )

  (module Resistor_SMD:R_2512_6332Metric_Pad1.40x3.35mm_HandSolder (layer F.Cu) (tedit 5F68FEEE) (tstamp 60236F13)
    (at 60.325 43.259375 270)
    (descr "Resistor SMD 2512 (6332 Metric), square (rectangular) end terminal, IPC_7351 nominal with elongated pad for handsoldering. (Body size source: IPC-SM-782 page 72, https://www.pcb-3d.com/wordpress/wp-content/uploads/ipc-sm-782a_amendment_1_and_2.pdf), generated with kicad-footprint-generator")
    (tags "resistor handsolder")
    (path /67E4E0EB/60D24804)
    (attr smd)
    (fp_text reference R5 (at 0 0 90) (layer F.SilkS)
      (effects (font (size 1 1) (thickness 0.15)))
    )
    (fp_text value 4.7k (at 0 2.62 90) (layer F.Fab)
      (effects (font (size 1 1) (thickness 0.15)))
    )
    (fp_line (start 4 1.92) (end -4 1.92) (layer F.CrtYd) (width 0.05))
    (fp_line (start 4 -1.92) (end 4 1.92) (layer F.CrtYd) (width 0.05))
    (fp_line (start -4 -1.92) (end 4 -1.92) (layer F.CrtYd) (width 0.05))
    (fp_line (start -4 1.92) (end -4 -1.92) (layer F.CrtYd) (width 0.05))
    (fp_line (start -2.177064 1.71) (end 2.177064 1.71) (layer F.SilkS) (width 0.12))
    (fp_line (start -2.177064 -1.71) (end 2.177064 -1.71) (layer F.SilkS) (width 0.12))
    (fp_line (start 3.15 1.6) (end -3.15 1.6) (layer F.Fab) (width 0.1))
    (fp_line (start 3.15 -1.6) (end 3.15 1.6) (layer F.Fab) (width 0.1))
    (fp_line (start -3.15 -1.6) (end 3.15 -1.6) (layer F.Fab) (width 0.1))
    (fp_line (start -3.15 1.6) (end -3.15 -1.6) (layer F.Fab) (width 0.1))
    (fp_text user %R (at 0 0 90) (layer F.Fab)
      (effects (font (size 1 1) (thickness 0.15)))
    )
    (pad 1 smd roundrect (at -3.05 0 270) (size 1.4 3.35) (layers F.Cu F.Paste F.Mask) (roundrect_rratio 0.178571)
      (net 105 /left/VCC))
    (pad 2 smd roundrect (at 3.05 0 270) (size 1.4 3.35) (layers F.Cu F.Paste F.Mask) (roundrect_rratio 0.178571)
      (net 112 /left/CLK))
    (model ${KISYS3DMOD}/Resistor_SMD.3dshapes/R_2512_6332Metric.wrl
      (at (xyz 0 0 0))
      (scale (xyz 1 1 1))
      (rotate (xyz 0 0 0))
    )
  )

  (module Resistor_SMD:R_2512_6332Metric_Pad1.40x3.35mm_HandSolder (layer F.Cu) (tedit 5F68FEEE) (tstamp 60236EF3)
    (at 225.821875 43.259375 90)
    (descr "Resistor SMD 2512 (6332 Metric), square (rectangular) end terminal, IPC_7351 nominal with elongated pad for handsoldering. (Body size source: IPC-SM-782 page 72, https://www.pcb-3d.com/wordpress/wp-content/uploads/ipc-sm-782a_amendment_1_and_2.pdf), generated with kicad-footprint-generator")
    (tags "resistor handsolder")
    (path /67E4ED7B/66F6B00C)
    (attr smd)
    (fp_text reference R6 (at 0 0 90) (layer F.SilkS)
      (effects (font (size 1 1) (thickness 0.15)))
    )
    (fp_text value 4.7k (at 0 2.62 90) (layer F.Fab)
      (effects (font (size 1 1) (thickness 0.15)))
    )
    (fp_line (start -3.15 1.6) (end -3.15 -1.6) (layer F.Fab) (width 0.1))
    (fp_line (start -3.15 -1.6) (end 3.15 -1.6) (layer F.Fab) (width 0.1))
    (fp_line (start 3.15 -1.6) (end 3.15 1.6) (layer F.Fab) (width 0.1))
    (fp_line (start 3.15 1.6) (end -3.15 1.6) (layer F.Fab) (width 0.1))
    (fp_line (start -2.177064 -1.71) (end 2.177064 -1.71) (layer F.SilkS) (width 0.12))
    (fp_line (start -2.177064 1.71) (end 2.177064 1.71) (layer F.SilkS) (width 0.12))
    (fp_line (start -4 1.92) (end -4 -1.92) (layer F.CrtYd) (width 0.05))
    (fp_line (start -4 -1.92) (end 4 -1.92) (layer F.CrtYd) (width 0.05))
    (fp_line (start 4 -1.92) (end 4 1.92) (layer F.CrtYd) (width 0.05))
    (fp_line (start 4 1.92) (end -4 1.92) (layer F.CrtYd) (width 0.05))
    (fp_text user %R (at 0 0 90) (layer F.Fab)
      (effects (font (size 1 1) (thickness 0.15)))
    )
    (pad 2 smd roundrect (at 3.05 0 90) (size 1.4 3.35) (layers F.Cu F.Paste F.Mask) (roundrect_rratio 0.178571)
      (net 111 /right/DATA))
    (pad 1 smd roundrect (at -3.05 0 90) (size 1.4 3.35) (layers F.Cu F.Paste F.Mask) (roundrect_rratio 0.178571)
      (net 107 /right/VCC))
    (model ${KISYS3DMOD}/Resistor_SMD.3dshapes/R_2512_6332Metric.wrl
      (at (xyz 0 0 0))
      (scale (xyz 1 1 1))
      (rotate (xyz 0 0 0))
    )
  )

  (module Resistor_SMD:R_2512_6332Metric_Pad1.40x3.35mm_HandSolder (layer F.Cu) (tedit 5F68FEEE) (tstamp 60242CEE)
    (at 64.690625 43.259375 270)
    (descr "Resistor SMD 2512 (6332 Metric), square (rectangular) end terminal, IPC_7351 nominal with elongated pad for handsoldering. (Body size source: IPC-SM-782 page 72, https://www.pcb-3d.com/wordpress/wp-content/uploads/ipc-sm-782a_amendment_1_and_2.pdf), generated with kicad-footprint-generator")
    (tags "resistor handsolder")
    (path /67E4E0EB/60D247FA)
    (attr smd)
    (fp_text reference R7 (at 0 0 90) (layer F.SilkS)
      (effects (font (size 1 1) (thickness 0.15)))
    )
    (fp_text value 4.7k (at 0 2.62 90) (layer F.Fab)
      (effects (font (size 1 1) (thickness 0.15)))
    )
    (fp_line (start 4 1.92) (end -4 1.92) (layer F.CrtYd) (width 0.05))
    (fp_line (start 4 -1.92) (end 4 1.92) (layer F.CrtYd) (width 0.05))
    (fp_line (start -4 -1.92) (end 4 -1.92) (layer F.CrtYd) (width 0.05))
    (fp_line (start -4 1.92) (end -4 -1.92) (layer F.CrtYd) (width 0.05))
    (fp_line (start -2.177064 1.71) (end 2.177064 1.71) (layer F.SilkS) (width 0.12))
    (fp_line (start -2.177064 -1.71) (end 2.177064 -1.71) (layer F.SilkS) (width 0.12))
    (fp_line (start 3.15 1.6) (end -3.15 1.6) (layer F.Fab) (width 0.1))
    (fp_line (start 3.15 -1.6) (end 3.15 1.6) (layer F.Fab) (width 0.1))
    (fp_line (start -3.15 -1.6) (end 3.15 -1.6) (layer F.Fab) (width 0.1))
    (fp_line (start -3.15 1.6) (end -3.15 -1.6) (layer F.Fab) (width 0.1))
    (fp_text user %R (at 0 0 90) (layer F.Fab)
      (effects (font (size 1 1) (thickness 0.15)))
    )
    (pad 1 smd roundrect (at -3.05 0 270) (size 1.4 3.35) (layers F.Cu F.Paste F.Mask) (roundrect_rratio 0.178571)
      (net 105 /left/VCC))
    (pad 2 smd roundrect (at 3.05 0 270) (size 1.4 3.35) (layers F.Cu F.Paste F.Mask) (roundrect_rratio 0.178571)
      (net 110 /left/DATA))
    (model ${KISYS3DMOD}/Resistor_SMD.3dshapes/R_2512_6332Metric.wrl
      (at (xyz 0 0 0))
      (scale (xyz 1 1 1))
      (rotate (xyz 0 0 0))
    )
  )

  (module Resistor_SMD:R_2512_6332Metric_Pad1.40x3.35mm_HandSolder (layer F.Cu) (tedit 5F68FEEE) (tstamp 60265465)
    (at 232.171875 43.259375 270)
    (descr "Resistor SMD 2512 (6332 Metric), square (rectangular) end terminal, IPC_7351 nominal with elongated pad for handsoldering. (Body size source: IPC-SM-782 page 72, https://www.pcb-3d.com/wordpress/wp-content/uploads/ipc-sm-782a_amendment_1_and_2.pdf), generated with kicad-footprint-generator")
    (tags "resistor handsolder")
    (path /67E4ED7B/66F6B00E)
    (attr smd)
    (fp_text reference R4 (at 0 0 90) (layer F.SilkS)
      (effects (font (size 1 1) (thickness 0.15)))
    )
    (fp_text value 4.7k (at 0 2.62 90) (layer F.Fab)
      (effects (font (size 1 1) (thickness 0.15)))
    )
    (fp_line (start 4 1.92) (end -4 1.92) (layer F.CrtYd) (width 0.05))
    (fp_line (start 4 -1.92) (end 4 1.92) (layer F.CrtYd) (width 0.05))
    (fp_line (start -4 -1.92) (end 4 -1.92) (layer F.CrtYd) (width 0.05))
    (fp_line (start -4 1.92) (end -4 -1.92) (layer F.CrtYd) (width 0.05))
    (fp_line (start -2.177064 1.71) (end 2.177064 1.71) (layer F.SilkS) (width 0.12))
    (fp_line (start -2.177064 -1.71) (end 2.177064 -1.71) (layer F.SilkS) (width 0.12))
    (fp_line (start 3.15 1.6) (end -3.15 1.6) (layer F.Fab) (width 0.1))
    (fp_line (start 3.15 -1.6) (end 3.15 1.6) (layer F.Fab) (width 0.1))
    (fp_line (start -3.15 -1.6) (end 3.15 -1.6) (layer F.Fab) (width 0.1))
    (fp_line (start -3.15 1.6) (end -3.15 -1.6) (layer F.Fab) (width 0.1))
    (fp_text user %R (at 0 0 90) (layer F.Fab)
      (effects (font (size 1 1) (thickness 0.15)))
    )
    (pad 1 smd roundrect (at -3.05 0 270) (size 1.4 3.35) (layers F.Cu F.Paste F.Mask) (roundrect_rratio 0.178571)
      (net 109 /right/SCL))
    (pad 2 smd roundrect (at 3.05 0 270) (size 1.4 3.35) (layers F.Cu F.Paste F.Mask) (roundrect_rratio 0.178571)
      (net 107 /right/VCC))
    (model ${KISYS3DMOD}/Resistor_SMD.3dshapes/R_2512_6332Metric.wrl
      (at (xyz 0 0 0))
      (scale (xyz 1 1 1))
      (rotate (xyz 0 0 0))
    )
  )

  (module Resistor_SMD:R_2512_6332Metric_Pad1.40x3.35mm_HandSolder (layer F.Cu) (tedit 5F68FEEE) (tstamp 6040C8B9)
    (at 54.371875 43.259375 90)
    (descr "Resistor SMD 2512 (6332 Metric), square (rectangular) end terminal, IPC_7351 nominal with elongated pad for handsoldering. (Body size source: IPC-SM-782 page 72, https://www.pcb-3d.com/wordpress/wp-content/uploads/ipc-sm-782a_amendment_1_and_2.pdf), generated with kicad-footprint-generator")
    (tags "resistor handsolder")
    (path /67E4E0EB/60D24793)
    (attr smd)
    (fp_text reference R3 (at 0 0 90) (layer F.SilkS)
      (effects (font (size 1 1) (thickness 0.15)))
    )
    (fp_text value 4.7k (at 0 2.62 90) (layer F.Fab)
      (effects (font (size 1 1) (thickness 0.15)))
    )
    (fp_line (start -3.15 1.6) (end -3.15 -1.6) (layer F.Fab) (width 0.1))
    (fp_line (start -3.15 -1.6) (end 3.15 -1.6) (layer F.Fab) (width 0.1))
    (fp_line (start 3.15 -1.6) (end 3.15 1.6) (layer F.Fab) (width 0.1))
    (fp_line (start 3.15 1.6) (end -3.15 1.6) (layer F.Fab) (width 0.1))
    (fp_line (start -2.177064 -1.71) (end 2.177064 -1.71) (layer F.SilkS) (width 0.12))
    (fp_line (start -2.177064 1.71) (end 2.177064 1.71) (layer F.SilkS) (width 0.12))
    (fp_line (start -4 1.92) (end -4 -1.92) (layer F.CrtYd) (width 0.05))
    (fp_line (start -4 -1.92) (end 4 -1.92) (layer F.CrtYd) (width 0.05))
    (fp_line (start 4 -1.92) (end 4 1.92) (layer F.CrtYd) (width 0.05))
    (fp_line (start 4 1.92) (end -4 1.92) (layer F.CrtYd) (width 0.05))
    (fp_text user %R (at 0 0 90) (layer F.Fab)
      (effects (font (size 1 1) (thickness 0.15)))
    )
    (pad 2 smd roundrect (at 3.05 0 90) (size 1.4 3.35) (layers F.Cu F.Paste F.Mask) (roundrect_rratio 0.178571)
      (net 105 /left/VCC))
    (pad 1 smd roundrect (at -3.05 0 90) (size 1.4 3.35) (layers F.Cu F.Paste F.Mask) (roundrect_rratio 0.178571)
      (net 108 /left/SCL))
    (model ${KISYS3DMOD}/Resistor_SMD.3dshapes/R_2512_6332Metric.wrl
      (at (xyz 0 0 0))
      (scale (xyz 1 1 1))
      (rotate (xyz 0 0 0))
    )
  )

  (module Resistor_SMD:R_2512_6332Metric_Pad1.40x3.35mm_HandSolder (layer F.Cu) (tedit 5F68FEEE) (tstamp 60265485)
    (at 236.5375 43.259375 270)
    (descr "Resistor SMD 2512 (6332 Metric), square (rectangular) end terminal, IPC_7351 nominal with elongated pad for handsoldering. (Body size source: IPC-SM-782 page 72, https://www.pcb-3d.com/wordpress/wp-content/uploads/ipc-sm-782a_amendment_1_and_2.pdf), generated with kicad-footprint-generator")
    (tags "resistor handsolder")
    (path /67E4ED7B/6640BB67)
    (attr smd)
    (fp_text reference R2 (at 0 0 90) (layer F.SilkS)
      (effects (font (size 1 1) (thickness 0.15)))
    )
    (fp_text value 4.7k (at 0 2.62 90) (layer F.Fab)
      (effects (font (size 1 1) (thickness 0.15)))
    )
    (fp_line (start -3.15 1.6) (end -3.15 -1.6) (layer F.Fab) (width 0.1))
    (fp_line (start -3.15 -1.6) (end 3.15 -1.6) (layer F.Fab) (width 0.1))
    (fp_line (start 3.15 -1.6) (end 3.15 1.6) (layer F.Fab) (width 0.1))
    (fp_line (start 3.15 1.6) (end -3.15 1.6) (layer F.Fab) (width 0.1))
    (fp_line (start -2.177064 -1.71) (end 2.177064 -1.71) (layer F.SilkS) (width 0.12))
    (fp_line (start -2.177064 1.71) (end 2.177064 1.71) (layer F.SilkS) (width 0.12))
    (fp_line (start -4 1.92) (end -4 -1.92) (layer F.CrtYd) (width 0.05))
    (fp_line (start -4 -1.92) (end 4 -1.92) (layer F.CrtYd) (width 0.05))
    (fp_line (start 4 -1.92) (end 4 1.92) (layer F.CrtYd) (width 0.05))
    (fp_line (start 4 1.92) (end -4 1.92) (layer F.CrtYd) (width 0.05))
    (fp_text user %R (at 0 0 90) (layer F.Fab)
      (effects (font (size 1 1) (thickness 0.15)))
    )
    (pad 2 smd roundrect (at 3.05 0 270) (size 1.4 3.35) (layers F.Cu F.Paste F.Mask) (roundrect_rratio 0.178571)
      (net 107 /right/VCC))
    (pad 1 smd roundrect (at -3.05 0 270) (size 1.4 3.35) (layers F.Cu F.Paste F.Mask) (roundrect_rratio 0.178571)
      (net 106 /right/SDA))
    (model ${KISYS3DMOD}/Resistor_SMD.3dshapes/R_2512_6332Metric.wrl
      (at (xyz 0 0 0))
      (scale (xyz 1 1 1))
      (rotate (xyz 0 0 0))
    )
  )

  (module Resistor_SMD:R_2512_6332Metric_Pad1.40x3.35mm_HandSolder (layer F.Cu) (tedit 5F68FEEE) (tstamp 6044E614)
    (at 50.00625 43.259375 90)
    (descr "Resistor SMD 2512 (6332 Metric), square (rectangular) end terminal, IPC_7351 nominal with elongated pad for handsoldering. (Body size source: IPC-SM-782 page 72, https://www.pcb-3d.com/wordpress/wp-content/uploads/ipc-sm-782a_amendment_1_and_2.pdf), generated with kicad-footprint-generator")
    (tags "resistor handsolder")
    (path /67E4E0EB/60D2479D)
    (attr smd)
    (fp_text reference R1 (at 0 0 90) (layer F.SilkS)
      (effects (font (size 1 1) (thickness 0.15)))
    )
    (fp_text value 4.7k (at 0 2.62 90) (layer F.Fab)
      (effects (font (size 1 1) (thickness 0.15)))
    )
    (fp_line (start -3.15 1.6) (end -3.15 -1.6) (layer F.Fab) (width 0.1))
    (fp_line (start -3.15 -1.6) (end 3.15 -1.6) (layer F.Fab) (width 0.1))
    (fp_line (start 3.15 -1.6) (end 3.15 1.6) (layer F.Fab) (width 0.1))
    (fp_line (start 3.15 1.6) (end -3.15 1.6) (layer F.Fab) (width 0.1))
    (fp_line (start -2.177064 -1.71) (end 2.177064 -1.71) (layer F.SilkS) (width 0.12))
    (fp_line (start -2.177064 1.71) (end 2.177064 1.71) (layer F.SilkS) (width 0.12))
    (fp_line (start -4 1.92) (end -4 -1.92) (layer F.CrtYd) (width 0.05))
    (fp_line (start -4 -1.92) (end 4 -1.92) (layer F.CrtYd) (width 0.05))
    (fp_line (start 4 -1.92) (end 4 1.92) (layer F.CrtYd) (width 0.05))
    (fp_line (start 4 1.92) (end -4 1.92) (layer F.CrtYd) (width 0.05))
    (fp_text user %R (at 0 0 90) (layer F.Fab)
      (effects (font (size 1 1) (thickness 0.15)))
    )
    (pad 2 smd roundrect (at 3.05 0 90) (size 1.4 3.35) (layers F.Cu F.Paste F.Mask) (roundrect_rratio 0.178571)
      (net 105 /left/VCC))
    (pad 1 smd roundrect (at -3.05 0 90) (size 1.4 3.35) (layers F.Cu F.Paste F.Mask) (roundrect_rratio 0.178571)
      (net 104 /left/SDA))
    (model ${KISYS3DMOD}/Resistor_SMD.3dshapes/R_2512_6332Metric.wrl
      (at (xyz 0 0 0))
      (scale (xyz 1 1 1))
      (rotate (xyz 0 0 0))
    )
  )

  (module Keebio-Parts:D_SOD123 (layer F.Cu) (tedit 561B69D3) (tstamp 6022CDB9)
    (at 314.71875 131.37875 270)
    (path /67E4ED7B/66F6B007)
    (attr smd)
    (fp_text reference D90 (at 0 1.925 90) (layer F.SilkS)
      (effects (font (size 0.8 0.8) (thickness 0.15)))
    )
    (fp_text value D (at 0 -1.925 90) (layer F.SilkS) hide
      (effects (font (size 0.8 0.8) (thickness 0.15)))
    )
    (fp_line (start -3.2 1.2) (end -3.2 -1.2) (layer F.SilkS) (width 0.2))
    (fp_line (start 2.8 1.2) (end -3.2 1.2) (layer F.SilkS) (width 0.2))
    (fp_line (start 2.8 -1.2) (end 2.8 1.2) (layer F.SilkS) (width 0.2))
    (fp_line (start -3.2 -1.2) (end 2.8 -1.2) (layer F.SilkS) (width 0.2))
    (fp_line (start -2.925 -1.2) (end -2.925 1.2) (layer F.SilkS) (width 0.2))
    (fp_line (start -2.8 -1.2) (end -2.8 1.2) (layer F.SilkS) (width 0.2))
    (fp_line (start -3.075 1.2) (end -3.075 -1.2) (layer F.SilkS) (width 0.2))
    (pad 2 smd rect (at 1.7 0 270) (size 1.2 1.4) (layers F.Cu F.Paste F.Mask)
      (net 90 "Net-(D90-Pad2)"))
    (pad 1 smd rect (at -1.7 0 270) (size 1.2 1.4) (layers F.Cu F.Paste F.Mask)
      (net 103 /right/r5))
  )

  (module Keebio-Parts:D_SOD123 (layer F.Cu) (tedit 561B69D3) (tstamp 6022CBEE)
    (at 295.66875 131.37875 270)
    (path /67E4ED7B/66F6AF44)
    (attr smd)
    (fp_text reference D89 (at 0 1.925 90) (layer F.SilkS)
      (effects (font (size 0.8 0.8) (thickness 0.15)))
    )
    (fp_text value D (at 0 -1.925 90) (layer F.SilkS) hide
      (effects (font (size 0.8 0.8) (thickness 0.15)))
    )
    (fp_line (start -3.2 1.2) (end -3.2 -1.2) (layer F.SilkS) (width 0.2))
    (fp_line (start 2.8 1.2) (end -3.2 1.2) (layer F.SilkS) (width 0.2))
    (fp_line (start 2.8 -1.2) (end 2.8 1.2) (layer F.SilkS) (width 0.2))
    (fp_line (start -3.2 -1.2) (end 2.8 -1.2) (layer F.SilkS) (width 0.2))
    (fp_line (start -2.925 -1.2) (end -2.925 1.2) (layer F.SilkS) (width 0.2))
    (fp_line (start -2.8 -1.2) (end -2.8 1.2) (layer F.SilkS) (width 0.2))
    (fp_line (start -3.075 1.2) (end -3.075 -1.2) (layer F.SilkS) (width 0.2))
    (pad 2 smd rect (at 1.7 0 270) (size 1.2 1.4) (layers F.Cu F.Paste F.Mask)
